3

2
922.9237643349662 0 647.4788707248217
0 919.8858077883355 399.87229770900007
0 0 1
8
0.05877060800641068 -0.10744454024922885 3.2631843588809995E-4 0.0014886030530316236 0.04142037702520378 6.850399028674193E-4 0.0014547294832255185 -0.0037595003107658287

3
922.9237643349662 0 647.4788707248217
0 919.8858077883355 399.87229770900007
0 0 1
8
0.05877060800641068 -0.10744454024922885 3.2631843588809995E-4 0.0014886030530316236 0.04142037702520378 6.850399028674193E-4 0.0014547294832255185 -0.0037595003107658287

4
922.9237643349662 0 647.4788707248217
0 919.8858077883355 399.87229770900007
0 0 1
8
0.05877060800641068 -0.10744454024922885 3.2631843588809995E-4 0.0014886030530316236 0.04142037702520378 6.850399028674193E-4 0.0014547294832255185 -0.0037595003107658287